100206
100307
100408
100610
101006
101107
101309
101410
101915
102008
102311
102513
102614
102715
102816
103111
103414
103515
103818
104012
104416
104820
105014
105115
105216
105620
105923
106016
106319
106521
107018
107321
107422
107725
108121
108222
108323
108525
108828
109123
109325
109830
110007
110411
110613
111009
111312
111413
111514
111716
112112
112314
112516
112920
113215
113619
113922
114217
114318
114419
114621
114823
114924
115017
115219
115320
115825
116726
117324
118225
118528
120111
120717
121618
122317
122620
125525
127933
128127
129028
129634
130013
130518
130619
130821
130922
131823
132017
132118
133928
134021
134223
134324
134425
135528
135730
135932
136833
137027
137128
137229
137936
138231
138534
138837
139233
139839
140117
140319
140420
141119
141422
141826
142828
143325
143426
144125
144226
144832
146129
149337
149741
151526
155938
158035
169343
172332
175439
177746
178243
185442
187547
192439
194140
195041
200109
204521
250427
341834
393550
433839
562345
568963
594156
599671
601127
660951
783462
859671
861456
877168
917255